Telefonnummer
41767580730
41765783825
41788676709
41782694184
41764395722
41767095868
41762257027
41794034916
41762003221
41794439923
41786942550
41798008075
41788264322
41799073886
41764458105
41763368065
41763310577
41798105601
41787199939
41788489787
41796143715
41779126008
41796070305
41763160202
41764510011
41764736712
41792530554
41767260855
41765656234
41796552056
41784223953
41767408232
41765290125
41628220014
41566640618
41788807353
41766878248
41792548163
41763322026
41763357986
41788534567
41793591420
41765756672
41762327787
41793334648
41798508941
41764090419
41763716601
41798220773
41762416444
41764701048
41767067955
41763830001
41789498496
41764152126
41791937198
41762637584
41791716634
41764557164
41792442051
41765892283
41798642942
41765793512
41774595920
41799227608
41786861567
41766115761
41764420001
41763425805
41764891115
41792034150
41772083738
41762051579
41795961320
41767405286
41764341798
41763244798
41791376032
41764087278
41791395565
41622120886
41795348173
41799122498
41793646482
41767370079
41763343103
41765408543
41763262623
41787637898
41797125390
41787345076
41764228495
41762142214
41767102309
41774426905
41763240540
41792179651
41792715241
41768041448
41763874942
41767892696
41766086058
41794072912
41766903617
41762787761
41766802033
41765767473
41788375590
41763921235
41796427842
41762227051
41786769144
41763044109
41762439969
41792031475
41791733282
41762685726
41762358743
41767485221
41763447201
41787680010
41793660107
41763410801
41791362864
41788977608
41762639833
41799457144
41789108841
41766500174
41794367792
41792029293
41762159646
41763433638
41764922251
41793837357
41763474787
41765582342
41763304780
41791043594
41764413987
41795431478
41792104542
41763166911
41795205444
41762706587
41787295515
41774267819
41614811430
41765625401
41766865285
41762136020
41764941902
41763419095
41793272530
41764718384
41788019882
41763659222
41766110166
41764179023
41763067757
41762355010
41792848511
41767139577
41795737195
41793831315
41762382003
41796321264
41765210605
41763941310
41799124734
41763272977
41762700962
38344190925
41794050341
41787186189
41786673135
41793355386
41765930870
41762078788
41562462519
41763445979
41782158626
41767093649
41788739030
41793963674
41763741114
41788830555
41765668897
41798625090
41788404549
41786151642
41788540507
41765752117
41787127339
41762080355
41766501927
41767339500
41762254348
41764579988
41787769667
41762392843
41763356577
41764520201
41799234320
41762200192
41794776364
41787951526
41762684964
41793479321
41767008503
41795335224
41792817870
41767385994
41791746148
41786394057
41762536674
41795621800
41765677763
41767322234
41766520730
41797686153
41797210881
41772281073
41788381884
41791222098
41765680407
41789441273
41796913747
41763789237
41765601019
38344650095
41788387833
41762786119
41762298578
41763775999
41762199833
41767432767
41793322312
41797168816
41786930205
41786306273
41788082480
41764198480
41765660290
41767006070
41763026007
41764313338
41765281854
41799393937
41786569283
41763891214
41799486126
41763322020
41767084687
41792912176
41789128888
41764323103
41772117282
41767312073
41765098826
41794599271
41788522277
41789000145
41767580802
41799486444
41767602174
41767425564
41774325031
41762280581
41764171961
41765084249
41764751771
41764499388
41798818008
41798642700
41767419054
41763477775
41792136662
41765340013
41762026244
41767109623
41762051533
41795739428
41788389067
41799404682
41765857949
41765028840
41792628856
41767300823
41762774190
41796008870
41764748879
41786858910
41763771714
41764343303
41792267759
41767031041
41764660521
41791973599
41793633636
41765017999
41792204048
41767794879
41786578722
41765838230
41764413865
41793398525
41787095415
41774295211
41797511921
41762076216
41765605799
41793722806
41762312689
41787091667
41788398614
41765702433
41782047771
41764494606
41764247122
41794016073
41796741900
41763877414
41788216490
41766514010
41795430591
41764486635
41762766699
41762664799
41765350484
41785866160
41766877614
41764434294
41762696799
41762769254
41767306269
41798818150
41764195514
41789751709
41763067131
41765236293
41786991855
41787810342
41763420540
41762713267
41767389472
41791753335
41763887541
41792522511
41766030240
41788358198
41793906413
41762083883
41782606565
41767780547
41799217563
41766034187
41762365628
41791234567
41763586147
41762446678
41762088105
41764315578
41794666619
41764491126
41793721724
41766064568
41765741007
41763453898
41796067909
41792575836
41762294772
41764559257
41762160250
41797371977
41762198090
41794805608
41765210625
41767130567
41763380305
41765602606
41763390950
41764086950
41797090607
41765593177
41763283215
41764411425
41794386478
41767595083
41797908118
41766067682
41554452141
41764184977
41761231234
41766905450
41767033303
41762559654
41766512884
41762727423
41798204839
41765588078
41788120140
41791746492
41796352888
41763262953
41767079422
41766728088
41765676135
41793526617
41764148030
41797440620
41764475219
41788160115
41762079469
41767343937
41796399556
41766990085
41799348017
41788977600
41763387916
41762216898
41774741056
41764116800
41792022600
41774525191
41763497566
41766031302
41797864490
41762073023
41786771300
41797195516
41764401995
41792029658
41788606646
41767334480
41762346028
41788849888
41764140093
41764231381
41762206981
41789449504
41789752890
41764320560
41762141581
41799598728
41766832532
41764948080
41566184039
41784066972
41791758447
41763211704
41764422781
41766818980
41767064321
41765657566
41765847076
41762204434
41766817608
41764511071
41765892591
41774715080
41764605748
41767331148
41764746349
41765886258
41792390502
41763389390
41762967793
41794778698
41764560007
41762146308
41763675845
41762297540
41763321919
41765822281
41798827075
41765325355
41767098669
41762734647
41764601646
41764488071
41791758273
41768188969
41764730447
41762256956
41787362278
41774305552
41762086512
41764149152
41564016424
41791996222
41793872885
41787076042
41793337717
41768197715
41762724260
41786736155
41792376992
41789205021
41767067034
41762227173
41763355702
41788925268
41762765741
41762699397
41763182117
41799053649
41786479225
41799102121
41765653691
41794661149
41767087202
41786117127
41793669646
41762686535
41799551606
41764313937
41788727729
41791027261
41764217153
41791338471
41767312411
41786332272
41792121525
41627585252
41786549017
41762678801
41794217711
41791280101
41762792790
41762959006
41786451350
41796796674
41765716351
41763667279
41763777341
41762739369
41794379224
41792137901
41763721205
41762008540
41788060623
41762275360
41762772528
41794439498
41765973631
41791299438
41764177366
41765668058
41796509258
41788204839
41788488182
41764808105
38345657499
41764941992
41792463778
41766123580
41763221928
41792283941
41765370268
41762657123
41797438061
41762627925
41763494268
41764537292
41765102287
41799434073
41762496680
41763411403
41765933016
41765322123
41765621949
41786934202
41765604677
41783011476
41797686953
41794459279
41792421411
41787403503
41762955105
41766035263
41791951086
41792785152
41763511364
41795446788
41767324829
41791291072
41764358559
41794363827
41765036720
41793249936
41763770843
41792919789
41762362534
41764387739
41799264124
41763200387
41791393624
41765612801
41788160376
41765736868
41787079855
41788726055
41795525426
41792441802
41793442985
41764883341
41765842518
41419170015
41762442833
41797748469
41765641918
41564960180
41762498056
41766357259
41787742887
41762430979
41767594499
41794829044
41763363236
41764360731
41767100585
41797089341
41764977300
41797026642
41767915139
41762388291
41762469552
41764415114
41765581333
41764301412
41764158080
41786476417
41767129730
41762043418
41762955210
41765115449
41796348153
41765072831
41762629569
41762308155
41791702046
41799369744
41796866419
41762631778
41765268324
41767320318
41797233429
41764285580
41774462024
41788869333
41765129481
41762335291
41789222529
41788659395
41797848987
41762079532
41796362733
41566488889
41766897406
41793346506
41763269050
41765731455
41764889420
41763993024
41763347493
41788271119
41765276634
41795929036
41767081532
41786045908
41788453990
41764985109
41764305645
41787881748
41768010030
41764326748
41763285020
41774445781
41713100030
41796533781
41787720471
41774965798
41793582307
41764247760
41786618613
41766715484
41763791886
41764019598
41795397650
41765586767
41762352340
41787457990
41762192364
41788761070
41765030707
41763936922
41796543318
41792117691
41762423643
41774328504
41787550418
41765301530
41766511893
41765603648
41789660512
41788467214
41765451230
41762682079
38348199391
41763994785
41762422438
41792357393
41767354263
41789114447
41789438603
41762282100
41763170247
38344131482
41789404740
41788111055
41786749828
41787229954
41791050899
41797277537
41766256328
41765822563
41797937033
41764106322
41765731086
41764496026
41794129524
41799376250
41792061092
41766531147
41794146633
41767101528
41786622627
41788955387
41763741251
41764249332
41765327233
41762779880
41799241168
41788356341
41765190084
41798693569
41793817225
41792183435
41767388752
41788374776
41795689462
41762781916
41763382812
41791760856
41779476140
41797626686
41796342813
41765177932
41799237821
41767410216
41763306177
41765939108
41762696820
41763301588
41763943144
41797744600
41795074810
41765750277
41765759351
41788076712
41765649668
41767103012
41764225242
41763444771
41768181406
41763303909
41764235566
41762264059
41798220102
41797213680
41799272230
41793552312
41799036634
41793929061
41789178029
41791999099
41793430925
41791988179
41787287726
41793784137
41794141047
41798567752
41794864584
41796208484
41763387105
41764423303
41786255502
41763385162
41789433030
41766061400
41766081133
41788984790
41797179450
41768185505
41774155007
41798636909
41762500183
41789014066
41762272717
41793349991
41764257052
41764656864
41788552784
41799152300
41719502786
41786653910
41786150198
41795704777
41795712693
41787341056
41786229411
41765261162
41765359315
41766022017
41791599146
41787765708
41762002006
41763291273
41797046347
41762640558
41788282177
41789044488
41787205568
41764188277
41795135067
41791955589
41789362734
41764137230
41764171797
41788577187
41762434257
41797170295
41791761611
41767072790
41764148249
41789531408
41766824662
41789081990
41764001267
41763040016
41797005122
41763355335
41764312763
41799062189
41793376312
41767377055
41799501048
41796449440
41792371223
41754228888
41768022500
41763273656
41788915367
41788267788
41797723153
41764025407
41762013277
41763467271
41765780377
41796362975
41769848063
41797038878
41556640618
41799372793
41762402926
41766496022
41762727198
41765773851
41797771859
41788854880
41763975181
41798203365
41799501688
41764393643
41786092635
41787953709
41787149199
41791222167
41793227844
41767067031
41787687332
41767788808
41763939119
41797168537
41762350270
41786461940
41762396569
41765646265
41794726566
41762323974
41762075406
41762077799
41765053044
41791746566
41762627016
41764480955
41764127172
41764397080
41763297575
41767351767
41799369030
41767078066
41794311133
41762220908
41763210533
41762362968
41792596103
41791559851
41767111629
41794345790
41794394394
41788498506
41762277237
41782682079
41793611564
41768138282
41766819222
41762705461
41765736264
41763854041
41796030859
41764169752
41763225259
41763361422
41764585307
41767079294
41762017962
41792550861
41763475580
41792095458
41766729141
41796230948
41763497052
41774631736
41791094645
41765433205
41788617490
41762095259
41767598533
41767411450
41767584431
41765677940
41763353040
41795036999
41792596417
41798880777
41792359909
41792459229
41762202399
41798618068
41789206280
41763042049
41767393466
41792718587
41786847470
41798803991
41763479307
41766723830
41796411419
41793489839
41791937130
41799536191
41788946663
41767339025
41763865383
41765665967
41762689134
41767096441
41792983111
41763664111
41786830767
41762685838
41762670275
41793395243
41797507393
41763266950
41763802086
41765717272
41797918172
41798203361
41566105507
41789481250
41774654371
41763036116
41763494664
41798511860
41767302615
41763448389
41762344282
41788059262
41765713540
41765720706
41767601397
41795901014
41793186824
41767581327
41799238721
41765893270
41762257952
41762213036
41765215355
41799576490
41792392577
41767385419
41798212037
41791992999
41788436614
41793994990
41766368593
41765286661
41767402061
41789065502
41762623527
41788612308
41764687278
41764108583
41765028512
41792432157
41792425850
41762180314
41764420607
41765740395
41767381370
41774444199
41787908821
41764491917
41764527079
41766522016
41764752338
41767830964
41764089788
41762020756
41764347717
41765698899
41763404280
41765776115
41765242729
41799371351
41792431264
41762157531
41786522710
41763214744
41793774474
41765275839
41774338409
41794750526
41794185611
41767079209
41765002797
41766064400
41788404548
41762445652
41765895195
41794367411
41764740581
41799137978
41793755259
41795889149
41764348750
41795200491
41763362726
41765667886
41796213841
41764882969
41762768964
41764500988
41786581313
41788788391
41762141488
41766825992
41786251036
41765472483
41798227378
41765594438
41787732493
41766956330
41797457702
41795554039
41765699905
41766827738
41763985262
41764284121
41774063851
41795631112
41762651078
41767313431
41797346780
41764617870
41774253225
41767103823
41797519248
41765110253
41796266089
41764777425
41795407550
41764132905
41793562587
41766265901
41789235050
41763184992
41799248423
41762301544
41764631470
41789016848
41765650762
41762347757
41763993856
41762252923
41763166665
41788996958
41763792861
41788891745
41787234477
41788835813
41797609421
41763446616
41797584864
41762282524
41793420538
41791379018
41787633984
41789029008
41793382312
41766805361
41767369757
41763048805
41793391795
41796453791
41762225552
41764292990
41765631352
41765254669
41764205711
41787329395
41767352473
41762742682
41766398169
41791986481
41764352811
41566342578
41791381335
41764184876
41791019090
41774641820
41774146539
41763393283
41787153530
41791010558
41795303975
41764363107
41786834148
41795288406
41764822121
41768054406
41787276387
41798990573
41762052207
41765612008
41767357680
41765641831
41793528080
41796902554
41796040361
41762102732
41765624135
41764304242
41767438450
41767795611
41765690444
41764550572
41765590537
41786373994
41786498909
41762700036
41763350001
41793411936
41762753423
41798319680
41799552376
41765649421
41762004156
41762340024
41764955435
41762124959
41764580250
41767411100
41762228549
41767051310
41765731812
41763772213
41793586787
41787105336
41788192769
41795515081
41764219203
41793652669
41763855772
41767009991
41764149706
41789177474
41764700554
41763892988
41762241013
41763965449
41767334523
41789232779
41791044502
41763366613
41765799839
41792096611
41762037514
41786895432
41794832017
41796598191
41798345893
41763044425
41787701196
41764930690
41795994437
41765665538
41762122539
41764510571
41798425979
41763350505
41787100624
41764181912
4.17913E+11
41764414743
41766101169
41768160552
41767165214
41796227159
41799035778
41764143943
41763280978
41799394203
41762050924
41767328991
41787732191
41763444346
41763208596
41765236771
41762289308
41762791057
41798610150
41763495790
41792359123
41762417605
41762693445
41764098260
41794029544
41765895455
41765313506
41762496977
41767582068
41799588292
38344100442
41766833085
41786932018
41793530340
41794470350
41788410022
41796367720
41763177454
41765969647
41799454924
41762701912
41789106621
41763663471
41793545178
41765259243
41763324485
41767134094
41787287062
41795206519
41762130652
41767077520
41799441161
41762698089
41764277760
41763690717
41764294990
41762713674
41768023371
41793499738
41765610736
41762256680
41788971979
41763369239
41765453280
41564967866
41767780348
41792260985
41765831086
41765949660
41783926662
41763701873
41799058474
41767009297
41767110754
41765463831
41788526918
41763927015
41797440924
41798402888
41792468685
41763367726
41797962172
41766125290
41762509069
41762001105
41767784043
41786008269
41765097414
41793669187
41764209717
41798482649
41767329951
41797099012
41764624758
41788808381
41797854030
41764407845
41763471089
41793159637
41762634022
41764263324
41799320939
41762893435
41762727424
41797127337
41797453908
41763719776
41765048996
41793441385
41763465977
41765702408
41762207313
41767607133
41799619092
41764148645
41797304790
41763656586
41766806935
41766711809
41445067229
41767315205
41765451180
41788988361
41765656453
41762674070
41791289073
41787173161
41762306331
41793859480
41788916336
41796876889
41562452837
41765264818
41795610957
41775028427
41788424588
41763377724
41765374204
41765313725
41763968383
41794701205
41786084864
41795559602
41792553555
41797512938
41762023986
41794840853
41797479960
41762326348
41792203694
41766107334
41787193963
41787972301
41764832085
41792125342
41762636430
41793546890
41796693839
41764407754
41793292126
41798818080
41763106984
41766900110
41764523223
41765843571
41762499489
41763097601
41765765622
41774103518
41767696990
41765155279
41762286416
41798420826
41792858024
41762410068
41765433586
41767372617
41767032321
41765751322
41796362936
41786758722
41794004043
41789121205
41782356205
41762268180
41788188197
41788394130
41799562901
41787516661
41562240531
41798599402
41789288256
41764211701
41762682071
41766511099
41793673432
41765401351
41764581655
41762353480
41762620690
41765821369
41765238822
41783243494
41793401660
41763044463
41767382229
41795940932
41762722174
41562221508
41784053677
41762200197
41796266141
41765062318
41787371989
41764210814
41799135306
41762405429
41795687265
41762429110
41787423805
41786072846
41797727859
41764143333
41767334191
41764923300
41793357755
41787268004
41788977609
41767327538
41763470616
41766107237
41796338730
41794245309
41765204771
41791389151
41762422867
41765169506
41793248086
41792909449
41768144791
41764383843
41764147964
41762432323
41763806878
41784034184
41793932382
41763422771
41762711970
41763984077
41765335226
41762292570
41764000667
41763355386
41762032954
41796879705
41765658810
41764453881
41787054951
41797200198
41774006883
41767091909
41763684702
41763303815
41787396237
41765645141
41763969331
41765695616
41762190102
41762786972
41795069624
41764335554
41789302665
41795124400
41762161036
41787808073
41763191121
41766085092
41795046622
41765761371
41763245514
41762119341
41799303605
41763231227
41763429915
41791374918
41791933594
41763580083
41774744340
41796097390
41763367464
41788808389
41794710646
41795910303
41762022508
41799404098
41768012132
41762412772
41765848076
41767657004
41786420223
41767792219
41764252064
41786272891
41794665554
41799174588
41763443350
41794666667
41762393300
41796964598
41767099142
41797669614
41764690070
41794114420
41791200055
41795890997
41791072665
41794874102
41763858832
41788286502
41793734183
41794319913
41762156414
41764268368
41763961585
41762310436
41767588157
41795390890
41793143201
41764881356
41765897691
41765657771
41764212976
41798509914
41786639111
41787670219
41793859486
41774056461
41628423718
41797424614
41767007065
41763222013
41763671206
41763442710
41797433839
41762691323
41791242213
41789012322
41793089231
41765770248
41762648917
41784061328
41762719556
41763322223
41764909119
41789069272
41787514880
41782554929
41767429518
41765292763
41789181242
41794072345
41762704547
41791737069
41796678226
41764423348
41765884527
41791084306
41763870021
41763685150
41764889404
41765639140
41764162355
41763073426
41763463747
41764159444
41763810396
41762222552
41763841509
41797470662
41767377039
41762333601
41768057112
41786646014
41787290939
41765671061
41786864103
41798742539
41763811495
41764198681
41793948935
41796223789
41765806358
41798911141
41762697208
41797855282
41564644030
41797827507
41788488843
41763292975
41787380950
41763416112
41792669229
41786522282
41764817973
41765752791
41767411436
41765577724
41767005348
41765020986
41766889651
41792723547
41762377794
41762159836
41796655915
41795586077
41762142564
41762185025
41763605196
41762752719
41763266452
41762172091
41764158353
41762381556
41764321956
41764351080
41787534120
41796933116
41762625044
41762816732
41797660807
41791382816
41762718266
41764099392
41765467858
41762383555
41792167225
41765590490
41788303305
41796583895
41762253046
41797734219
41765063218
41791997392
41762952852
41765428432
41764882668
41799606211
41764665890
41788660942
38344240322
41798193545
41762154803
41787420644
41796209994
41763221770
41791530265
41764549764
41762328199
41794091420
41793350505
41763609363
41765058007
41794449756
41762362778
41762184114
41788270818
41762064091
41793754454
41767345393
41786071563
41767262606
41765319317
38344927169
41762260023
41765158080
41797421065
41798164541
41799103609
41795349104
41765677723
41763898008
41764028016
41763586076
41793094910
41762438124
41765656997
41799148452
41787583385
41762264093
41765081000
41793218885
41767397849
41791952629
41767060393
41797433947
41762184141
41763784666
41797077853
41764482913
41762302762
41767052970
41763348729
41796540986
41765810521
41795973379
41765606328
41566641824
41787712868
41762846929
41765420661
41763415726
41762286269
41765468644
41796270564
41796281478
41767069711
41763105960
41797893597
41786448979
41764148960
41767053987
41788162647
41793918966
41763350652
41762931986
41787609588
41799117002
41766082810
41765890997
41763984523
41763207548
41797051049
41786966865
41768019711
41766750033
41764963933
41765883282
41791927484
41765380979
41764726677
41796356501
41764890985
41791075727
41787755528
41767009466
41798261468
41522429519
41762674763
41764022857
41794026653
41762709005
41762171274
41762361740
41788944975
41786865958
41789351640
41791923051
41793668193
41764437350
41767072739
41765771497
41763378876
41767421924
41763361006
41767790282
41774327976
41762275005
41763411524
41763773237
41767401780
41762550111
41799430184
41797463341
41767309242
41796634808
41798241931
41794374133
41762375606
41795136529
41797787942
41763105507
41797734188
41764395706
41767432142
41791964596
41791021304
41767096729
41795486738
41774099258
41786812265
41795956098
41796362783
41767108008
41791516474
41767117008
41763302202
41794698210
41764377596
41767582742
41763399474
41798404995
41797702173
41797523260
41763434326
41796155297
41767792260
41793879646
41788229369
41786926911
41791947188
41787332684
41762662070
41793797722
41762728847
41623984154
41797848718
41762137980
41793525080
41796787018
41764783294
41788658024
41792068329
41766081981
41765595046
41789219391
41795950348
41768174252
41795830118
41765785586
41765691723
41792534397
41762206222
41793684301
41765675116
41764668289
41763422788
41792424424
41763233735
41762165154
41782000661
41797767246
41765223585
41794753056
41792146499
41762685124
41763909584
41763721972
41763318775
41762377174
41796269184
41765219728
41764488411
41763386747
41786770278
41799314334
41768170230
41768194600
41788847661
41765675218
41765818030
41788391189
41765113796
41787089395
41763205548
41765695322
41765878382
41789136960
41762257535
41796322410
41796441975
41767065624
41793725704
41798216785
41797507550
41798386230
41788856983
41795313091
41762258804
41774319451
41763431702
41797659810
41786103944
41762685542
41765811788
41766128225
41767422323
41766050730
41762714378
41799181960
41767536160
41797007804
41765606548
41768018613
41765647242
41767004925
41764504807
41796246531
41793185371
41765770105
41764357888
41791268972
41765190217
41764360087
41764206992
41767088658
41762228826
41784086390
41788433836
41787091511
41795172600
41788417434
41786354370
41763886805
41762706512
41564415117
41795117629
41796679196
41762299490
41792542193
41763588190
41797757465
41794645443
41774408191
41763278128
41787982262
41796213755
41766011166
41793293481
41767438975
41795419317
41789103536
41791993948
41762295666
41763402490
41763340472
41767369336
41765432191
41791044882
41763399586
41792906016
41762659320
41765247339
41762235178
41764367698
41794147407
41797562883
41782369118
41628740082
41763198328
41794467962
41793017570
41791996624
41791032352
41766077008
41767671928
41766566353
41765948520
41765331714
41762725737
41762406047
41792822061
41794164265
41767421802
41789347750
41766907825
41799635897
41562490358
41798268613
41765747854
41763444181
41763924711
41762393098
41793210581
41794140537
41762080796
41792846372
41763778863
41762379639
41766033183
41765194032
41799597849
41764220493
41797979494
41767363942
41763256490
41763303766
41791746359
41764310181
41788485040
41796093510
41762205314
41764219983
41786296718
41762952305
41789485989
41764080983
41765837312
41763887516
41766800501
41786749128
41766808205
41765603953
41764313003
41788848101
41764435633
41765402591
41787209777
41764400123
41795198502
41764314677
41791989915
41796026331
41786844412
41764226153
41799033069
41762685251
41797610905
41764286159
41764317093
41792943482
41767004657
41767065143
41788025289
41791930436
41767057249
41797748854
41763431579
41792079213
41788826449
41764070716
41762112111
41762416456
41794049830
41788329780
41786700188
41767120636
41764202812
41789764399
41794741961
41762010957
41762123726
41762957864
41793563309
41788495111
41762785402
41764277433
41793164941
41792685251
41792156303
41763208949
41799482497
41798281876
41789245501
41793437916
41764880924
41794037701
41764254722
41796852620
41767389658
41787324229
41762994289
41762861398
41763171793
41764388477
41791282848
41766663178
41765581513
41764029887
41765262892
41763839192
41788904647
41763895012
41765725734
41796240935
41767345994
41764212488
41796063714
41764089602
41765590221
41763386392
41764340412
41763472361
41791749023
41765720218
41786198964
41762648606
41763063502
41762356903
41762185588
41562456237
41762062617
41767103081
41766083853
41763483431
41786342704
41767791632
41762744924
41786956149
41764410308
41791992616
41791937949
41786081193
41564263917
41788125930
41762762591
41762667903
41764240040
41796389714
41798896003
41768171190
41797764303
41762272304
41767431590
41762684535
41799094091
41792664692
41764752234
41786726880
41763419375
41785716661
41763449498
41765442077
41793061982
41788839064
41786112890
41765212103
41766020518
41762130927
41767113155
41767799178
41796272701
41795901000
41786577984
41763320545
41798698870
41765836494
41767789890
41792172896
41767011114
41762391982
41765195427
41762778003
41794648967
41767431164
41764181739
41764334502
41766996561
41765198816
41795255276
41797351791
41786563911
41797764320
41763745088
41767047167
41794894037
41788863645
41767064445
41792223712
41794387230
41786087212
41765788338
41774556168
41765145915
41762037239
41799383301
41797068209
41764191545
41782176744
41791979321
41797067906
41763398055
41793494872
41765429993
41766034255
41796428541
41796125909
41794455556
41765791755
41791744322
41765773924
41795968322
41764304835
41763268996
41763068442
41767795454
41767797129
41764255616
41766063768
41796847845
41767073404
41796252169
41763848377
41784285580
41764234347
41763277153
41796379109
41793685401
41763831246
41765781175
41764091420
41762068483
41765392574
41763351159
41764131100
41792383517
41791318224
41762413089
41763260988
41765963256
41764340513
41627763610
41764384381
41795996726
41767327539
41796225370
41788346950
38349778999
41762739271
41788112579
41786336297
41791034660
41763639769
41762273236
41796353086
41762088630
41794411305
41762669654
41795989480
41786995502
41766981522
41767101045
41762127035
41762251873
41793472938
41768131514
41762176244
41765444863
41798111439
41788926497
41767090186
41766735135
41794276857
41767051617
41786632782
41792177516
41419881547
41762068967
41793563043
41797548253
41627712409
41765614484
41796241448
41797042266
41791980148
41767603274
41762761027
41796473090
41789489662
41764805105
41765883343
41763941669
41763345929
41764317894
41796426269
41799300805
41766108817
41793329940
41762316198
41764005836
41794304898
41794446689
41765944397
41798775500
41762205898
41767317089
41793710757
41712770229
41798101104
41766828470
41763434264
41763437740
41763971552
41763423150
41794276239
41767074318
41765020992
41794385634
41793704608
41762362305
41799497306
41797877321
41793428520
41767319143
41419340671
41762662767
41796550798
41796372669
41793845146
41798883759
41797523510
41764983767
41765888711
41764630684
41762743574
41789044448
41792113083
41765773422
41794157984
41762159181
41797900696
41763365846
41767005317
41793665204
41764352511
41762198853
41794331785
41796308051
41794878120
41767598659
41763194542
41762327664
41566223882
41799178382
41796442717
41765496884
41765633739
41786411711
41762133791
41765754915
41763568127
41797849057
41767060246
41763999119
41797268086
41788706862
41791757574
41763369382
41763033928
41786428303
41799609198
41767386057
41796102543
41787996537
41765662574
41764418577
41799320343
41798747113
41762295515
41766483976
41798733711
41792534094
41763223933
41762020857
41795303613
41794413089
41765487001
41765816008
41763305485
41797729841
41792566952
41797716684
41762761089
41562471081
41762292034
41794449034
41798345699
41795637639
41794718930
41793969331
41762455495
41786222188
41762793288
41765300996
41786496065
41793880216
41786625454
41767358104
41793536123
41765743346
41797447166
41767378104
41791015446
41763223302
41766900954
41786597500
41764185564
41763725735
41764452046
41765701809
41764192041
41788081179
41793170790
41766107512
41763919546
41762384659
41792142864
41788136927
41765725432
41764275734
41767139522
41794659621
41763959052
41766822510
41792817011
41789309027
41763921464
41782296310
41795010341
41774148307
41792563519
41796417896
41762516024
41797300265
41798549295
41627882633
41767005260
41794301934
41767427785
41798198716
41764786150
41765018618
41786955379
41786725250
41767798486
41794437702
41787058888
41797587559
41799233919
41796787019
41796809156
41762229418
41562691090
41786119984
41763822576
41763696523
41764905933
41762164439
41767368707
41763350699
41774226322
41763301852
41795605457
41786411736
41786979224
41762339311
41566211147
41762339444
41787900206
41796513965
41767057242
41762715888
41797932935
41787425159
41763613999
41765656332
41799424732
41799484852
41762770348
41764180167
41762412736
41762196009
41765128461
41762789486
41767079445
41762435638
41787537018
41791201558
41765723602
41564412626
41762194875
41767369643
41762200375
41793582404
41763209530
41763690647
41787211099
41762306256
41774361186
41768248085
41764749958
41764089046
41764306174
41764543201
41792274599
41765651081
41791041633
41787366653
41796398169
41765839863
41792259327
41762441319
41767359685
41799608622
41788748830
41762516447
41792937540
41794297760
41764926118
41793617086
41766112125
41767340183
41763075579
41792160833
41763112687
4.17912E+11
41794053177
41793417328
41788646854
41796666657
41764334955
41762010361
41762225557
41762718217
41765246269
38344297066
41795736515
41763818263
41794348268
41796514809
41788155538
41765004909
41765745794
41798605040
41789129627
41767002585
41763922114
41796899623
41764976590
41788802445
41764389319
41796844588
41788836169
41786835449
41765633002
41765087478
41762402001
41717200741
41762121287
41762656730
41762358517
41767859574
41763371688
41766800333
41794038146
41794174010
41763367912
41765003836
41797538454
41766806621
41788184751
41792618209
41763067300
41796154759
41774222344
41764733575
41764641826
41799032307
41763391631
41791970669
41795695524
41767751332
41763436812
41767105559
41787989807
41763916699
41762260530
41765256937
41565354989
41764717523
41798311320
41794698201
41791951749
41762383916
41764084176
41796070805
41767418351
41762183288
41764456587
41795591477
41765765962
41762402457
41763373855
41788340268
41765781534
41782151213
41762627194
41767109495
41799501439
41798165824
41794769894
41764358461
41767320109
41764818853
41798857222
41799327398
41772166221
41796451350
41765779710
41762301085
41767581107
41762163149
41793681667
41765777169
41786620212
41791741803
41794224641
41794132858
41799623758
41783353859
41787955750
41788897112
41763850361
41719694499
41764047459
41798208775
41792884870
41799308877
41797579222
41793355090
41767007575
41787204482
41764000281
41796258805
41791759052
41787346141
41788787357
41796595292
41786417798
41787135039
41796369279
41767788087
41762356109
41789661414
41764148050
41766069004
41765862388
41766077704
41767115498
41763821407
41762812371
41796711716
41765583036
41762126428
41765050989
41762310267
41793587549
41798827097
41762319062
41791923978
41795733149
41762181617
38349111222
41786562626
41791583995
41799358497
41792911508
41794689448
41798399750
41789767678
41762406588
41762224027
41792462065
41762064447
41762700530
41763020211
41787755281
41794196845
41762000156
41792588903
41788474222
41766755325
41767041821
41762500404
41799491689
41791930867
41798961166
41782152332
41763209758
41767117947
41766512207
41797728175
41762356442
41763396457
41766113271
41799009544
41763412904
41763175734
41797057834
41764738739
41763737763
41762720261
41791071792
41789359112
41788161970
41762694993
41764524703
41767405126
41794338242
41789153534
41763301685
41767093772
41792060553
41764302985
41763898005
41763871695
41795936666
41793462316
41786531990
41794173372
41767096265
41762652876
41786269591
41786470075
41762411478
41765752310
41765622249
41765605556
41765373221
41774458492
41789340921
41798222722
41762004820
41797826177
41764241196
41765493044
41788792580
41762181521
41796427365
41767377420
41793265112
41786100566
41762683617
41768181772
41762752669
41796072559
41784019380
41795111963
41763322791
41797451593
41765865356
41766803227
41767303102
41767423127
41763790930
41794393051
41768309510
41764181650
41795126545
41788422222
41796985092
41774164239
41798143540
41765788993
41765839473
41797798552
41765744456
41788666054
41765974155
41791718500
41788989255
41767068209
41792235465
41794434443
41762203775
41764603707
41796395203
41787164381
41797440801
41764709217
41786253584
41762318806
41765831250
41765719107
41792584538
41799525433
41764362786
41796923249
41762423124
41796144278
41764066136
41765151392
41765778220
41786430565
41763052771
41788708637
41765127369
41786552191
41765337983
41764316364
41797937030
41763252530
41792277593
41782329070
41797390964
41764751211
41799011943
41794192135
41794789685
41767083631
41765149034
41762784245
41763376457
41786063080
41762217532
41765765522
41762388192
41787277576
41762447811
41766062583
41792765600
41764833863
41796395380
41788101154
41763257881
41764208860
41764220135
41791908988
41763458201
41768185872
41795229563
41762419323
41764719622
41763272018
41793388542
41794197722
41765625942
41799275311
41763887727
41764746369
41791969742
38344244050
41767317746
41762410457
41762363951
41792612030
41765877400
41764649997
41762652361
41787341299
41763898401
41764178426
41763820318
41767076754
41792590595
41767240406
41762208970
41619754661
41763309205
41788621519
41796575052
41762769175
41792282941
41792883535
41763430036
41764377220
41796930338
41797048335
41765648080
41622771843
41764748524
41763692509
41797173401
41764021484
41799323644
41786077665
41787626413
41765963818
41762136855
41797144322
41628858010
41792484490
41762289704
41794830204
41774835990
41762659716
41786274325
41763444214
41797534576
41767072915
41797744269
41793236139
41764240626
41796897235
41762260985
41796515165
41765878364
41789275139
41788941727
41792291658
41786100299
41767602011
41763750095
41762171827
41789303199
41793652668
41766503719
41798227266
41794588704
41765856551
41787355465
41794751211
41765865782
41763326102
41765667735
41793750030
41763473635
41764656393
41799137807
41796268292
41789489660
41767334887
41764884328
41765709060
41763207741
41763791578
41764282021
41763258368
41764843361
41788411451
41792425650
41797031332
41763463274
41763962083
41766804951
41762399393
41765346424
41787518431
41763266403
41767370714
41764066753
41795487919
41762509922
41792437137
41762058210
41762027323
41788701314
41765723289
41767056322
41794675953
41799206699
41762742231
41795612704
41762177063
41766467456
41796868535
41763367272
41786871292
41782577611
41762179401
41784019775
41766129655
41789741220
41783144620
41763230205
41767326040
41765102481
41796793906
41787117815
41788407658
41792591170
41766821907
41763228205
41799324574
41762986257
41796773806
41764724706
41764251048
41797688290
41793365053
41786412612
41794196645
41798315590
41767370578
41788800438
41792807050
41763682223
41788213995
41794003667
41762259980
41786141009
41788859433
41794518265
41764470427
41774418179
41794198676
41765217865
41797072637
41797988764
41766810506
38344131386
41767786158
41789130419
41796883443
41767007688
41793427175
41788658674
41789126068
41797046600
41765328060
41765619600
41764776590
41762405667
41766991271
41794463956
41786270044
41792775757
41775221366
41765725736
41798356595
41795024167
41763043133
41789144884
41763187203
41799320440
41762101901
41767600785
41797274764
41762683828
41767100171
41762210709
41762439757
41763382730
41764134327
41762123658
41767355029
41767066364
41765788623
41767327921
41794676221
41763811176
41792303914
41764415572
41764388343
41793572686
41787183022
41795641503
41763225434
41797746639
41795545546
41787320878
41767306656
41762388110
41767044542
41764186282
41765658067
41796493368
41787424195
41763990496
41767589894
